VALOR SEMILLA = 5
############################################################
Problema ../data/Instancias QAP/chr22a.dat: 

Mejor individuo (Solucion) final:
3 1 5 19 12 6 0 18 16 15 11 20 8 10 14 2 4 17 13 21 7 9 

Coste de la solución: 6816

Tiempo tardado: 26.1079s
############################################################
Problema ../data/Instancias QAP/chr22b.dat: 

Mejor individuo (Solucion) final:
10 8 6 11 15 3 12 9 16 1 2 0 5 20 19 21 7 4 17 18 14 13 

Coste de la solución: 7046

Tiempo tardado: 26.0481s
############################################################
Problema ../data/Instancias QAP/chr25a.dat: 

Mejor individuo (Solucion) final:
7 22 9 14 1 20 17 4 18 3 13 23 24 15 5 11 19 10 2 0 6 8 12 21 16 

Coste de la solución: 4886

Tiempo tardado: 29.1472s
############################################################
Problema ../data/Instancias QAP/esc128.dat: 

Mejor individuo (Solucion) final:
70 83 45 34 124 88 80 14 96 122 38 27 5 53 25 117 103 102 101 33 13 9 6 115 71 116 111 108 114 90 75 104 74 46 79 67 87 84 85 7 121 2 3 64 29 4 62 12 43 120 8 19 56 93 125 97 37 22 15 41 26 54 24 118 91 63 11 68 51 89 23 16 47 86 31 106 55 112 59 39 110 17 72 105 18 49 126 44 78 20 30 57 0 60 73 36 32 50 58 61 107 21 113 42 119 109 65 98 81 1 94 76 92 48 77 69 40 28 95 123 66 52 82 99 10 35 100 127 

Coste de la solución: 92

Tiempo tardado: 245.237s
############################################################
Problema ../data/Instancias QAP/had20.dat: 

Mejor individuo (Solucion) final:
2 15 18 17 9 13 11 10 12 1 6 5 0 3 4 19 14 7 16 8 

Coste de la solución: 7072

Tiempo tardado: 24.1857s
############################################################
Problema ../data/Instancias QAP/lipa60b.dat: 

Mejor individuo (Solucion) final:
32 35 14 2 5 1 7 16 23 56 18 30 49 0 38 10 24 46 29 17 47 55 12 4 15 52 44 9 57 42 19 3 40 6 11 43 28 37 33 41 48 13 53 34 45 50 27 8 26 20 31 54 39 51 21 36 59 25 22 58 

Coste de la solución: 3051693

Tiempo tardado: 106.508s
############################################################
Problema ../data/Instancias QAP/lipa80b.dat: 

Mejor individuo (Solucion) final:
52 74 2 7 10 71 26 24 13 66 39 77 15 45 43 55 67 23 27 60 54 12 17 47 73 14 75 4 68 51 5 41 11 33 21 70 36 19 35 25 34 18 37 3 79 20 1 56 44 72 0 42 8 28 6 69 50 53 58 59 30 62 61 63 64 48 32 46 57 76 9 31 40 38 22 29 65 16 78 49 

Coste de la solución: 9569310

Tiempo tardado: 135.814s
############################################################
Problema ../data/Instancias QAP/nug28.dat: 

Mejor individuo (Solucion) final:
11 26 16 0 27 23 10 3 17 18 2 24 25 21 22 15 6 8 4 7 20 9 1 12 5 13 14 19 

Coste de la solución: 5356

Tiempo tardado: 33.2991s
############################################################
Problema ../data/Instancias QAP/sko100a.dat: 

Mejor individuo (Solucion) final:
11 48 93 20 32 70 23 36 82 38 34 40 49 16 98 58 41 14 61 78 28 47 91 60 92 88 10 8 67 83 37 71 66 52 15 55 18 97 7 65 99 25 45 51 31 21 50 68 85 4 12 42 13 76 24 53 56 62 90 0 22 89 6 27 30 54 95 74 26 17 80 35 1 33 81 73 39 46 5 96 59 75 84 63 3 57 79 72 86 64 44 69 2 94 29 87 9 43 19 77 

Coste de la solución: 158102

Tiempo tardado: 176.271s
############################################################
Problema ../data/Instancias QAP/sko100f.dat: 

Mejor individuo (Solucion) final:
89 30 44 47 38 39 97 41 74 93 57 13 73 46 11 82 33 72 54 29 56 42 76 3 59 20 43 85 31 52 64 22 84 65 37 2 67 71 9 58 4 34 99 98 80 45 5 70 86 14 79 23 87 7 55 35 90 60 92 15 81 24 48 12 83 51 8 18 17 96 6 49 78 53 68 25 69 88 1 66 16 10 40 36 28 26 95 75 19 62 91 27 61 32 50 94 0 21 63 77 

Coste de la solución: 155350

Tiempo tardado: 176.227s
############################################################
Problema ../data/Instancias QAP/sko81.dat: 

Mejor individuo (Solucion) final:
52 53 57 75 12 51 76 37 46 79 70 74 42 72 23 60 9 29 71 78 21 67 4 55 40 34 30 56 63 62 17 61 41 5 38 3 27 50 26 58 36 69 80 48 68 11 25 44 15 35 20 49 6 66 45 1 19 77 0 31 32 13 2 24 73 65 43 14 16 47 18 22 28 7 54 33 10 64 59 8 39 

Coste de la solución: 95046

Tiempo tardado: 135.678s
############################################################
Problema ../data/Instancias QAP/sko90.dat: 

Mejor individuo (Solucion) final:
41 20 59 44 9 19 21 76 68 10 57 69 0 2 50 35 11 55 86 42 32 61 28 63 13 79 64 15 14 81 71 51 46 62 65 5 56 43 18 75 34 84 87 89 27 36 12 67 78 40 38 31 72 80 6 77 37 8 16 48 1 45 53 25 82 73 39 30 26 49 66 3 88 54 83 17 58 47 29 74 23 7 4 85 24 60 52 70 22 33 

Coste de la solución: 120024

Tiempo tardado: 150.163s
############################################################
Problema ../data/Instancias QAP/tai100a.dat: 

Mejor individuo (Solucion) final:
42 64 10 0 34 85 62 93 82 70 86 97 17 84 69 7 39 65 5 8 61 72 60 88 54 47 99 26 63 56 48 35 50 16 90 37 11 80 51 25 46 77 41 71 66 22 67 53 57 45 83 3 87 1 20 81 49 89 52 14 2 36 75 4 55 23 18 13 68 21 95 76 58 24 12 29 15 59 33 38 19 96 92 31 30 74 79 91 40 44 32 73 94 98 9 43 27 78 6 28 

Coste de la solución: 22266530

Tiempo tardado: 176.312s
############################################################
Problema ../data/Instancias QAP/tai100b.dat: 

Mejor individuo (Solucion) final:
83 93 31 86 0 44 29 94 64 63 37 85 91 38 87 81 9 98 53 69 22 6 78 28 48 57 88 79 30 70 67 10 12 23 92 72 56 19 1 4 42 52 99 17 73 77 58 60 2 75 5 74 43 84 62 41 95 89 24 7 18 33 51 20 68 27 13 11 36 46 90 8 71 76 14 26 47 80 65 25 49 16 15 97 55 40 45 50 66 39 54 3 61 21 59 96 35 34 82 32 

Coste de la solución: 1276624082

Tiempo tardado: 176.009s
############################################################
Problema ../data/Instancias QAP/tai150b.dat: 

Mejor individuo (Solucion) final:
132 65 140 128 149 35 146 53 13 56 126 105 7 121 32 11 87 67 84 127 144 120 40 63 106 30 21 43 81 123 36 137 33 3 46 125 16 92 110 44 115 68 98 52 101 22 41 94 88 139 31 49 60 135 90 45 75 80 124 89 72 57 48 9 59 118 78 131 66 95 62 18 104 64 83 86 96 17 142 37 20 23 93 28 70 133 38 10 8 74 91 39 2 109 112 129 4 6 116 1 99 12 34 119 122 102 71 50 51 77 42 29 103 143 114 147 108 5 145 76 79 55 138 26 54 107 69 130 24 113 25 148 61 15 111 14 0 58 100 27 97 82 117 19 134 136 85 73 141 47 

Coste de la solución: 546636115

Tiempo tardado: 490.742s
############################################################
Problema ../data/Instancias QAP/tai256c.dat: 

Mejor individuo (Solucion) final:
219 56 100 111 4 92 137 205 146 185 226 207 60 153 216 188 213 150 2 14 62 209 251 143 65 238 116 236 249 144 139 83 176 247 156 230 113 199 73 16 54 182 28 105 30 218 243 19 37 253 52 120 240 5 178 68 109 167 85 23 148 175 77 34 94 133 163 118 186 196 11 75 208 17 97 173 232 87 171 41 124 9 88 131 211 47 135 141 180 90 42 64 121 49 237 165 151 20 189 255 242 3 53 169 93 12 15 231 194 223 40 89 82 172 81 203 162 66 61 234 204 210 32 239 79 129 201 103 80 35 191 195 115 161 136 254 70 170 206 96 101 38 58 177 202 149 197 117 155 152 55 157 13 224 31 25 106 166 125 158 27 0 1 147 164 128 145 123 29 22 24 154 142 181 184 8 71 192 250 108 241 6 168 235 190 95 228 200 59 45 227 91 245 107 160 57 74 33 21 69 233 72 179 220 119 221 244 252 44 110 112 10 67 217 26 48 134 86 39 36 84 78 159 51 187 198 127 98 229 102 214 126 225 76 174 215 63 18 132 46 99 140 183 122 104 114 248 130 43 222 138 50 212 7 246 193 

Coste de la solución: 46160218

Tiempo tardado: 1240.28s
############################################################
Problema ../data/Instancias QAP/tho150.dat: 

Mejor individuo (Solucion) final:
83 146 63 72 40 133 78 145 117 15 124 105 112 101 16 35 119 56 66 129 30 67 41 135 27 109 28 85 20 25 1 48 54 46 32 90 99 73 89 120 123 39 148 53 84 136 50 22 87 55 91 102 144 103 9 147 140 69 96 4 95 125 18 70 57 7 131 128 0 116 42 79 77 23 33 81 38 68 138 52 47 88 113 62 31 134 142 36 104 114 86 37 132 94 75 115 10 29 121 126 3 2 137 71 24 8 19 127 122 34 6 107 149 17 65 45 13 49 11 98 14 106 92 108 58 80 100 74 130 111 118 60 44 93 26 61 97 51 12 141 5 139 21 64 143 43 82 110 76 59 

Coste de la solución: 8584988

Tiempo tardado: 460.48s
############################################################
Problema ../data/Instancias QAP/tho40.dat: 

Mejor individuo (Solucion) final:
18 17 0 4 38 19 36 6 39 1 27 21 31 13 8 3 23 35 29 25 24 32 34 11 22 20 12 14 15 5 10 37 2 33 26 28 7 9 16 30 

Coste de la solución: 257504

Tiempo tardado: 57.4601s
############################################################
Problema ../data/Instancias QAP/wil100.dat: 

Mejor individuo (Solucion) final:
91 49 84 64 27 48 86 29 47 54 32 76 97 52 67 51 1 34 71 28 22 69 23 2 95 37 50 93 20 19 81 68 66 60 30 58 40 85 79 24 5 35 74 4 98 46 43 17 11 39 9 36 70 18 80 96 78 15 6 88 42 25 89 41 72 82 77 94 3 7 61 73 12 55 26 53 21 57 56 90 14 13 45 75 44 33 99 16 0 83 87 31 8 38 62 10 63 92 59 65 

Coste de la solución: 278512

Tiempo tardado: 224.877s
############################################################
Problema ../data/Instancias QAP/wil50.dat: 

Mejor individuo (Solucion) final:
0 14 49 2 30 15 36 33 20 21 8 17 31 40 10 29 35 4 41 45 19 46 18 37 38 48 32 3 27 13 11 1 23 12 22 44 43 16 5 34 26 24 39 6 25 7 42 47 9 28 

Coste de la solución: 49706

Tiempo tardado: 76.8086s
