VALOR SEMILLA = 5
############################################################
Problema ../data/Instancias QAP/chr22a.dat: 

Mejor individuo (Solucion) final:
12 15 17 11 5 4 6 0 20 21 9 18 16 1 14 10 8 19 3 2 7 13 

Coste de la solución: 7422

Tiempo tardado: 7.93778s
############################################################
Problema ../data/Instancias QAP/chr22b.dat: 

Mejor individuo (Solucion) final:
5 8 12 10 11 6 21 7 16 14 9 20 1 15 2 18 4 0 3 19 13 17 

Coste de la solución: 7810

Tiempo tardado: 7.94032s
############################################################
Problema ../data/Instancias QAP/chr25a.dat: 

Mejor individuo (Solucion) final:
21 19 0 14 13 17 16 5 15 2 11 24 12 3 9 4 8 7 18 10 1 20 23 22 6 

Coste de la solución: 9384

Tiempo tardado: 8.54705s
############################################################
Problema ../data/Instancias QAP/esc128.dat: 

Mejor individuo (Solucion) final:
99 95 127 12 17 71 61 60 9 126 70 68 112 39 120 11 25 67 51 108 78 81 83 82 13 124 40 66 65 22 119 24 62 28 125 30 73 107 105 84 76 92 18 93 90 80 33 41 54 110 121 46 116 47 123 77 111 115 5 8 2 52 63 114 14 27 72 75 15 96 6 3 23 53 4 42 19 94 31 29 43 89 56 1 38 122 104 113 32 59 20 55 64 45 21 69 48 50 74 44 35 101 118 79 26 85 58 36 97 103 16 109 57 7 0 87 37 10 91 98 106 88 49 102 117 34 100 86 

Coste de la solución: 208

Tiempo tardado: 49.5704s
############################################################
Problema ../data/Instancias QAP/had20.dat: 

Mejor individuo (Solucion) final:
14 15 9 17 13 11 18 0 2 1 10 5 8 19 6 16 12 7 4 3 

Coste de la solución: 7178

Tiempo tardado: 7.56935s
############################################################
Problema ../data/Instancias QAP/lipa60b.dat: 

Mejor individuo (Solucion) final:
4 32 10 13 28 29 42 16 57 34 9 20 7 54 3 1 14 38 35 40 6 22 12 36 19 52 5 27 49 17 2 41 50 39 59 15 24 31 45 33 48 18 46 55 58 56 21 23 11 44 37 25 26 51 43 8 47 30 0 53 

Coste de la solución: 3148810

Tiempo tardado: 22.7937s
############################################################
Problema ../data/Instancias QAP/lipa80b.dat: 

Mejor individuo (Solucion) final:
19 59 47 56 42 64 34 78 53 79 15 48 12 2 36 74 46 66 10 77 67 45 37 40 3 20 26 43 58 49 75 1 51 68 38 55 69 62 76 70 44 29 7 13 9 71 73 18 63 22 30 31 33 8 65 11 14 35 25 4 16 21 52 27 24 6 50 0 41 39 5 72 61 54 32 17 60 28 23 57 

Coste de la solución: 9890257

Tiempo tardado: 29.7214s
############################################################
Problema ../data/Instancias QAP/nug28.dat: 

Mejor individuo (Solucion) final:
2 19 7 0 20 13 9 16 26 17 3 8 12 22 21 14 15 4 25 23 5 11 10 1 18 6 24 27 

Coste de la solución: 5874

Tiempo tardado: 9.10649s
############################################################
Problema ../data/Instancias QAP/sko100a.dat: 

Mejor individuo (Solucion) final:
50 29 39 42 43 87 69 57 76 36 58 72 28 84 96 46 25 94 27 56 23 6 61 9 88 68 13 90 73 89 34 16 54 22 64 31 21 82 79 4 38 81 63 11 60 62 30 3 37 45 19 1 80 33 71 77 92 99 0 26 8 91 51 41 12 55 18 98 66 86 47 97 95 35 74 53 44 10 2 78 20 15 52 75 67 93 5 7 65 14 49 17 24 48 59 83 70 85 32 40 

Coste de la solución: 168708

Tiempo tardado: 37.3463s
############################################################
Problema ../data/Instancias QAP/sko100f.dat: 

Mejor individuo (Solucion) final:
92 66 68 26 39 48 29 41 6 30 61 20 52 86 95 49 87 55 65 85 51 84 91 40 80 14 81 59 3 77 28 58 56 73 23 36 16 17 19 63 99 24 38 50 88 10 13 45 7 67 71 21 42 64 4 34 57 83 97 74 0 60 94 70 11 5 53 37 89 69 79 12 78 44 25 9 98 47 2 31 22 46 33 32 54 75 43 18 82 72 62 96 76 27 35 90 8 1 15 93 

Coste de la solución: 167984

Tiempo tardado: 37.5021s
############################################################
Problema ../data/Instancias QAP/sko81.dat: 

Mejor individuo (Solucion) final:
8 62 27 24 49 5 32 52 71 77 54 65 35 72 36 9 59 66 53 64 67 3 26 61 58 23 39 80 33 44 43 28 47 70 21 60 42 25 10 38 56 48 11 31 20 69 40 6 73 0 22 76 12 7 79 18 19 4 1 55 50 17 2 15 51 13 29 78 41 14 34 46 37 45 30 75 63 16 68 74 57 

Coste de la solución: 102650

Tiempo tardado: 29.9382s
############################################################
Problema ../data/Instancias QAP/sko90.dat: 

Mejor individuo (Solucion) final:
30 4 15 76 45 85 28 79 34 86 16 48 74 78 23 61 25 56 24 84 68 66 37 38 1 87 3 82 20 75 59 13 54 2 71 11 46 53 89 63 69 70 8 58 18 73 27 36 5 60 40 47 81 26 55 88 51 64 43 32 17 21 44 31 7 29 83 9 19 39 77 14 0 67 41 42 65 35 6 12 33 72 62 52 50 49 22 57 80 10 

Coste de la solución: 130314

Tiempo tardado: 33.374s
############################################################
Problema ../data/Instancias QAP/tai100a.dat: 

Mejor individuo (Solucion) final:
3 92 5 37 86 39 38 88 23 79 89 58 67 26 98 52 0 33 78 82 9 72 47 69 64 1 66 53 81 62 35 21 18 87 22 76 46 60 97 25 42 54 4 71 36 96 41 2 63 57 24 75 99 27 7 51 31 48 10 6 85 65 93 56 55 61 8 90 83 74 34 30 94 59 19 45 15 12 20 28 43 91 29 14 73 95 40 13 16 70 44 50 17 84 77 80 32 49 11 68 

Coste de la solución: 23382984

Tiempo tardado: 37.4592s
############################################################
Problema ../data/Instancias QAP/tai100b.dat: 

Mejor individuo (Solucion) final:
63 67 47 44 36 24 20 79 32 21 6 80 9 42 29 74 1 56 98 84 45 62 7 10 39 96 5 72 88 40 65 90 12 55 87 27 66 50 89 93 22 70 64 53 91 99 37 19 49 54 11 43 17 94 51 85 73 26 68 16 4 2 33 76 77 60 30 78 69 25 38 15 52 83 46 92 8 28 23 58 18 81 86 57 71 31 35 97 48 3 0 61 41 14 13 34 82 59 75 95 

Coste de la solución: 1572663703

Tiempo tardado: 37.3548s
############################################################
Problema ../data/Instancias QAP/tai150b.dat: 

Mejor individuo (Solucion) final:
120 117 136 59 137 145 6 126 11 26 88 53 52 114 8 50 15 80 100 25 37 95 51 141 82 93 2 29 111 92 18 4 9 28 96 67 84 34 75 125 13 32 72 115 123 21 54 39 147 3 10 140 129 86 127 139 124 79 131 57 109 31 63 76 113 36 58 81 70 85 107 102 98 97 17 62 121 83 130 74 27 38 47 99 118 68 24 105 44 128 94 77 91 1 60 69 134 45 138 42 122 14 103 30 89 101 46 22 23 144 71 66 49 135 90 73 43 35 16 78 0 19 40 132 41 87 33 148 142 112 106 110 20 48 55 104 119 146 61 5 65 149 108 143 7 133 116 56 12 64 

Coste de la solución: 609140985

Tiempo tardado: 60.6851s
############################################################
Problema ../data/Instancias QAP/tai256c.dat: 

Mejor individuo (Solucion) final:
135 130 30 33 235 249 222 79 226 121 153 198 159 59 117 252 200 131 201 108 142 243 106 96 176 32 83 20 192 116 215 112 233 144 88 28 207 196 24 71 64 52 78 173 16 151 175 26 51 6 61 253 156 66 251 5 239 155 11 232 240 22 94 1 178 181 111 103 123 35 76 55 86 221 68 248 190 231 203 205 166 188 242 180 90 137 211 41 194 149 82 62 184 0 237 25 63 102 172 167 49 162 229 148 186 27 69 165 34 209 208 60 213 157 8 154 44 246 150 145 100 158 38 147 113 171 99 255 56 210 218 217 53 80 212 77 227 189 238 47 92 104 87 17 7 219 224 163 254 141 50 18 223 19 199 206 122 119 128 134 114 160 185 91 230 73 136 179 31 57 225 183 152 58 202 204 101 193 195 23 228 177 45 129 124 250 65 169 46 39 234 105 3 132 70 138 139 187 36 120 98 146 127 37 43 54 89 93 2 182 109 40 216 21 48 14 67 244 4 74 110 107 95 29 81 133 241 9 118 170 115 84 161 97 164 197 15 140 75 236 214 10 220 126 143 245 13 125 191 12 85 42 72 174 168 247 

Coste de la solución: 49600714

Tiempo tardado: 129.289s
############################################################
Problema ../data/Instancias QAP/tho150.dat: 

Mejor individuo (Solucion) final:
17 47 13 106 25 34 43 7 24 108 91 93 9 67 63 61 101 137 129 75 42 118 139 147 89 112 12 127 74 15 23 59 69 85 78 21 94 19 29 100 36 11 6 146 66 64 35 148 135 49 145 32 130 107 77 53 26 72 40 62 55 37 51 131 65 87 114 102 90 143 16 58 97 92 95 46 110 45 20 50 44 41 54 5 0 103 73 116 8 126 27 30 140 38 83 113 86 149 10 76 98 79 57 52 104 22 31 14 133 2 132 18 1 68 122 123 115 128 120 48 96 125 81 117 88 70 60 124 144 138 142 39 82 105 121 136 84 80 109 99 56 71 3 4 141 28 134 111 119 33 

Coste de la solución: 9413412

Tiempo tardado: 60.6547s
############################################################
Problema ../data/Instancias QAP/tho40.dat: 

Mejor individuo (Solucion) final:
19 12 0 17 30 18 23 6 9 1 38 32 4 26 2 37 36 31 21 14 29 27 3 39 13 34 7 5 25 28 22 20 10 16 15 8 24 11 35 33 

Coste de la solución: 290046

Tiempo tardado: 11.533s
############################################################
Problema ../data/Instancias QAP/wil100.dat: 

Mejor individuo (Solucion) final:
57 81 16 77 21 58 6 98 63 29 73 99 84 49 19 2 30 94 42 55 44 74 87 41 38 1 68 32 27 47 66 10 86 65 36 62 0 4 64 78 71 54 85 31 39 96 72 52 91 8 43 93 11 53 33 26 22 14 18 46 20 34 90 88 17 5 82 76 67 40 79 23 3 89 24 51 70 9 80 97 92 35 83 95 48 37 7 13 60 56 28 59 15 69 50 12 75 45 25 61 

Coste de la solución: 291100

Tiempo tardado: 37.3705s
############################################################
Problema ../data/Instancias QAP/wil50.dat: 

Mejor individuo (Solucion) final:
26 28 3 22 23 15 20 4 7 1 16 46 38 45 36 12 44 32 35 0 13 17 49 21 5 43 40 18 10 31 19 33 27 9 25 37 41 2 29 14 24 34 11 42 6 30 48 39 8 47 

Coste de la solución: 52076

Tiempo tardado: 18.7951s
