VALOR SEMILLA = 5

############################################################
Problema ../data/Instancias QAP/chr22a.dat:

Mejor individuo (Solucion) final:
5 0 4 7 18 1 10 17 13 19 8 14 20 6 2 3 12 21 15 16 9 11

Coste de la solución: 6610

Tiempo tardado: 0.112103s
############################################################
Problema ../data/Instancias QAP/chr22b.dat:

Mejor individuo (Solucion) final:
9 2 5 1 12 0 20 11 16 7 18 3 6 14 4 19 10 8 15 13 21 17

Coste de la solución: 6668

Tiempo tardado: 0.169819s
############################################################
Problema ../data/Instancias QAP/chr25a.dat:

Mejor individuo (Solucion) final:
4 24 23 9 15 7 14 10 18 3 20 22 8 6 11 16 17 2 12 0 5 19 13 21 1

Coste de la solución: 5210

Tiempo tardado: 0.252412s
############################################################
Problema ../data/Instancias QAP/esc128.dat:

Mejor individuo (Solucion) final:
31 28 94 63 23 40 127 74 0 48 61 106 123 99 97 67 96 72 36 88 104 60 11 116 125 46 3 7 52 56 77 57 29 90 13 93 55 89 19 108 33 124 92 109 20 70 119 103 114 76 102 54 118 1 117 41 42 126 45 100 120 37 15 39 110 69 107 43 68 105 81 6 65 25 84 38 64 101 80 85 95 24 50 26 17 51 87 71 82 75 73 16 111 86 5 14 78 112 115 58 53 9 18 44 2 10 66 121 12 98 30 21 22 4 62 49 32 47 59 79 83 91 122 27 34 35 113 8

Coste de la solución: 64

Tiempo tardado: 36.2225s
############################################################
Problema ../data/Instancias QAP/had20.dat:

Mejor individuo (Solucion) final:
7 14 0 13 18 5 6 11 15 10 9 16 1 19 4 2 3 8 17 12

Coste de la solución: 6926

Tiempo tardado: 0.1052s
############################################################
Problema ../data/Instancias QAP/lipa60b.dat:

Mejor individuo (Solucion) final:
39 1 16 17 34 15 53 41 31 28 55 11 48 32 58 42 7 4 23 13 46 3 19 30 52 57 51 38 26 54 33 49 21 56 18 22 0 24 59 9 43 47 44 8 2 10 14 40 20 36 5 37 12 50 35 45 25 6 29 27

Coste de la solución: 3008198

Tiempo tardado: 6.60921s
############################################################
Problema ../data/Instancias QAP/lipa80b.dat:

Mejor individuo (Solucion) final:
48 29 30 56 71 18 51 55 47 58 14 61 10 27 34 62 77 4 5 68 12 57 25 65 45 26 60 28 16 73 79 36 3 42 32 52 39 23 15 70 17 7 66 22 59 0 64 41 54 35 46 49 1 11 74 75 24 2 6 8 33 31 37 21 69 13 63 43 19 40 53 72 78 44 67 9 20 38 50 76

Coste de la solución: 9397713

Tiempo tardado: 19.1848s
############################################################
Problema ../data/Instancias QAP/nug28.dat:

Mejor individuo (Solucion) final:
23 1 4 6 0 8 10 18 3 17 11 15 2 13 27 12 21 9 24 20 5 16 7 22 25 14 19 26

Coste de la solución: 5228

Tiempo tardado: 0.307597s
############################################################
Problema ../data/Instancias QAP/sko100a.dat:

Mejor individuo (Solucion) final:
40 16 35 86 14 27 48 5 90 17 75 6 69 19 63 83 1 76 78 36 52 91 71 68 50 56 81 13 42 64 28 47 37 99 45 58 33 80 89 57 22 11 65 25 46 29 95 62 24 87 41 60 55 97 21 30 3 73 94 96 49 92 7 39 72 88 74 31 32 70 44 20 66 67 18 84 93 10 59 0 9 23 98 85 51 8 53 15 12 82 2 34 43 61 26 79 54 4 38 77

Coste de la solución: 153890

Tiempo tardado: 94.0565s
############################################################
Problema ../data/Instancias QAP/sko100f.dat:

Mejor individuo (Solucion) final:
32 71 41 95 18 40 63 26 89 30 62 74 97 19 54 69 21 72 16 77 80 58 85 0 39 45 36 14 91 31 11 9 87 7 10 23 46 47 3 61 2 73 48 44 13 90 33 75 15 66 12 86 88 17 8 25 43 70 60 52 96 51 94 50 82 29 92 67 98 20 22 1 42 53 34 83 55 59 6 76 27 4 78 49 24 37 5 28 68 93 79 81 38 64 57 99 65 35 84 56

Coste de la solución: 152094

Tiempo tardado: 51.5919s
############################################################
Problema ../data/Instancias QAP/sko81.dat:

Mejor individuo (Solucion) final:
46 6 38 52 27 9 80 53 66 3 37 23 42 74 58 70 39 79 21 5 35 30 72 77 54 28 29 76 40 34 4 57 13 10 78 64 48 15 69 63 0 43 19 1 25 68 20 75 61 36 17 50 62 33 60 14 41 12 31 18 45 11 32 2 55 47 51 44 8 26 49 24 22 56 16 67 71 7 59 65 73

Coste de la solución: 92004

Tiempo tardado: 46.7752s
############################################################
Problema ../data/Instancias QAP/sko90.dat:

Mejor individuo (Solucion) final:
21 68 10 76 44 11 19 17 86 66 55 59 48 79 89 67 27 45 72 25 35 69 37 18 2 71 64 38 84 53 8 75 14 15 88 13 56 32 34 82 22 70 40 6 50 36 65 5 46 73 58 29 74 87 9 83 31 61 3 78 47 26 54 51 12 77 43 62 80 16 49 33 20 42 0 57 39 28 24 60 85 30 7 23 52 63 81 41 1 4

Coste de la solución: 118484

Tiempo tardado: 26.5269s
############################################################
Problema ../data/Instancias QAP/tai100a.dat:

Mejor individuo (Solucion) final:
75 92 17 76 29 6 46 99 97 72 20 88 93 26 85 16 25 39 45 83 18 35 82 4 10 50 47 90 89 14 81 5 84 7 69 98 30 11 57 12 96 51 67 77 15 80 22 71 58 33 91 54 78 32 95 21 49 42 64 27 41 86 2 44 55 70 56 53 63 87 94 38 66 8 19 34 36 65 62 37 9 60 0 1 13 68 73 52 43 61 24 3 40 74 23 48 28 31 59 79

Coste de la solución: 21711660

Tiempo tardado: 53.3153s
############################################################
Problema ../data/Instancias QAP/tai100b.dat:

Mejor individuo (Solucion) final:
26 36 84 49 64 81 80 44 69 47 65 25 93 2 90 85 98 9 7 29 62 87 61 59 21 82 88 67 30 32 79 3 8 6 45 4 52 89 38 15 68 99 72 58 39 12 77 92 74 48 46 53 71 35 70 13 34 91 63 31 1 43 83 16 66 24 14 37 28 41 54 55 18 96 95 51 17 19 73 0 94 33 75 50 56 78 27 23 11 40 10 97 57 20 5 76 42 60 22 86

Coste de la solución: 1203686567

Tiempo tardado: 112.668s
############################################################
Problema ../data/Instancias QAP/tai150b.dat:

Mejor individuo (Solucion) final:
38 118 58 131 59 98 70 11 101 28 16 26 4 89 102 76 50 57 114 95 146 55 9 141 41 29 109 78 82 103 37 0 85 24 135 27 94 149 83 62 49 7 44 112 61 92 60 51 63 75 116 22 99 117 136 43 110 86 113 77 6 79 147 52 31 119 91 74 88 140 42 126 17 8 90 34 2 23 1 36 73 125 35 104 87 123 137 45 30 71 32 144 40 122 129 5 127 93 142 69 108 14 143 10 81 148 96 18 120 56 33 47 97 138 25 65 19 100 128 105 20 68 130 84 39 111 107 54 21 106 133 12 121 139 3 72 66 80 13 124 145 134 67 53 46 115 132 48 64 15

Coste de la solución: 514591806

Tiempo tardado: 383.618s
############################################################
Problema ../data/Instancias QAP/tai256c.dat:

Mejor individuo (Solucion) final:
31 66 143 46 69 147 196 117 100 52 236 194 83 60 120 103 32 156 77 219 211 228 207 35 213 254 4 129 1 239 21 63 8 97 135 249 190 208 43 240 25 177 152 183 28 141 230 40 173 64 6 38 55 137 92 90 225 58 109 150 198 132 18 49 122 247 13 73 234 216 243 158 201 171 204 221 165 10 114 179 112 88 169 162 160 186 95 251 107 126 139 86 181 241 15 209 220 159 232 246 133 192 118 155 106 119 33 252 61 174 111 12 2 206 203 195 37 11 27 104 41 191 227 34 231 51 91 136 184 224 127 96 93 185 14 255 175 22 56 82 80 115 128 197 223 134 166 210 62 180 72 153 36 24 248 70 50 163 189 74 168 53 164 9 29 200 178 65 99 81 149 105 94 145 76 226 67 235 68 131 5 154 79 102 123 85 78 124 229 3 101 176 222 7 75 71 245 193 0 237 16 172 157 54 233 250 89 188 161 45 214 108 170 30 167 212 26 48 238 125 146 218 17 47 130 57 215 148 140 205 182 151 44 42 39 20 242 144 253 110 121 19 116 138 84 23 98 142 59 199 217 187 87 244 202 113

Coste de la solución: 44895922

Tiempo tardado: 894.097s
############################################################
Problema ../data/Instancias QAP/tho150.dat:

Mejor individuo (Solucion) final:
101 72 114 118 59 74 49 111 107 25 85 76 26 6 136 123 109 147 77 43 137 128 90 139 10 70 115 127 95 19 20 104 116 117 88 89 102 134 67 47 35 143 108 146 97 13 110 55 57 144 130 100 75 51 54 12 138 56 4 32 8 15 62 42 65 121 60 29 140 58 36 21 63 94 81 126 31 112 7 66 145 149 142 113 48 122 68 52 73 22 46 69 87 30 83 99 133 131 18 129 125 38 34 37 119 71 124 96 93 9 41 27 0 28 40 132 50 106 80 61 148 82 53 79 45 120 78 103 23 39 1 86 91 5 17 135 33 105 2 64 11 16 44 24 3 98 14 92 84 141

Coste de la solución: 8257088

Tiempo tardado: 321.285s
############################################################
Problema ../data/Instancias QAP/tho40.dat:

Mejor individuo (Solucion) final:
39 35 16 34 33 24 7 2 8 11 10 28 25 31 26 20 30 13 9 21 15 29 12 23 38 1 19 4 14 0 22 18 37 3 36 27 32 5 17 6

Coste de la solución: 248592

Tiempo tardado: 1.65202s
############################################################
Problema ../data/Instancias QAP/wil100.dat:

Mejor individuo (Solucion) final:
31 20 23 80 62 72 28 34 83 65 86 93 30 27 43 58 10 57 90 7 88 18 69 4 16 37 92 85 39 6 64 84 60 2 21 74 26 38 41 61 54 9 97 78 51 79 12 44 36 73 17 52 67 55 53 25 68 40 75 45 5 66 1 95 98 89 46 15 70 13 91 48 50 22 19 82 11 24 81 77 32 76 35 29 33 96 71 94 3 59 49 14 47 63 8 42 87 99 0 56

Coste de la solución: 274848

Tiempo tardado: 117.059s
############################################################
Problema ../data/Instancias QAP/wil50.dat:

Mejor individuo (Solucion) final:
19 16 14 30 22 27 29 47 34 21 33 42 35 36 38 48 41 28 13 45 32 7 10 3 37 44 20 4 15 9 6 18 17 2 23 49 40 31 43 0 26 11 8 46 24 1 5 39 12 25

Coste de la solución: 49278

Tiempo tardado: 3.46044s
