VALOR SEMILLA = 7
############################################################
Problema ../data/Instancias QAP/chr22a.dat: 

Mejor individuo (Solucion) final:
14 1 20 7 9 0 6 13 16 2 17 18 5 10 15 3 19 11 8 21 4 12 

Coste de la solución: 6352

Tiempo tardado: 0.465292s
############################################################
Problema ../data/Instancias QAP/chr22b.dat: 

Mejor individuo (Solucion) final:
11 8 3 10 12 6 13 19 1 4 15 2 0 18 14 16 9 5 20 21 17 7 

Coste de la solución: 6736

Tiempo tardado: 0.218158s
############################################################
Problema ../data/Instancias QAP/chr25a.dat: 

Mejor individuo (Solucion) final:
0 1 11 5 16 7 3 10 12 2 24 20 6 8 4 19 13 23 15 9 22 14 21 18 17 

Coste de la solución: 4648

Tiempo tardado: 0.571813s
############################################################
Problema ../data/Instancias QAP/esc128.dat: 

Mejor individuo (Solucion) final:
104 118 57 111 22 51 9 97 98 32 27 69 115 102 14 100 107 89 5 83 70 81 44 121 80 3 49 30 47 106 75 34 71 74 67 79 13 25 122 110 64 108 78 17 112 19 116 117 26 2 53 48 52 50 125 54 55 45 77 37 56 31 105 95 35 24 96 66 92 94 28 101 88 123 12 73 72 42 8 76 84 11 127 46 58 82 20 36 120 1 119 0 33 4 39 86 60 15 87 65 109 63 41 59 68 43 103 10 90 113 18 7 16 124 61 38 91 93 126 23 62 6 29 40 99 85 114 21 

Coste de la solución: 64

Tiempo tardado: 80.4876s
############################################################
Problema ../data/Instancias QAP/had20.dat: 

Mejor individuo (Solucion) final:
2 4 9 11 10 5 6 17 1 13 18 0 8 3 15 14 19 12 16 7 

Coste de la solución: 6958

Tiempo tardado: 0.185227s
############################################################
Problema ../data/Instancias QAP/lipa60b.dat: 

Mejor individuo (Solucion) final:
29 46 48 26 50 41 11 24 9 28 0 18 21 3 44 59 25 23 1 34 31 20 13 32 37 39 56 8 47 7 54 6 43 52 4 27 10 35 36 22 2 42 30 33 49 57 40 14 51 15 53 55 12 38 45 5 58 17 16 19 

Coste de la solución: 3007625

Tiempo tardado: 14.6973s
############################################################
Problema ../data/Instancias QAP/lipa80b.dat: 

Mejor individuo (Solucion) final:
25 31 26 41 72 68 27 43 38 7 10 53 29 46 19 37 57 61 5 22 39 66 9 2 51 63 1 62 71 23 79 50 44 56 11 13 36 33 17 67 15 20 52 54 16 55 21 69 65 77 4 75 35 0 60 40 8 45 24 59 73 28 58 49 74 48 64 12 76 30 14 70 32 47 18 78 42 34 3 6 

Coste de la solución: 9432918

Tiempo tardado: 33.3841s
############################################################
Problema ../data/Instancias QAP/nug28.dat: 

Mejor individuo (Solucion) final:
9 7 24 27 0 8 16 18 17 10 4 1 15 26 13 20 6 12 23 25 22 11 5 2 14 3 19 21 

Coste de la solución: 5272

Tiempo tardado: 0.841452s
############################################################
Problema ../data/Instancias QAP/sko100a.dat: 

Mejor individuo (Solucion) final:
14 89 5 27 42 48 76 32 10 90 7 50 65 72 66 91 71 30 12 17 67 68 39 74 80 88 83 92 62 26 19 85 18 93 33 37 51 56 54 0 86 99 58 97 13 55 21 31 24 4 40 45 25 53 81 47 29 73 23 79 35 46 98 95 84 3 63 15 59 96 36 69 41 87 1 60 8 94 70 78 34 6 49 20 22 52 11 61 82 38 2 43 44 57 16 28 75 9 64 77 

Coste de la solución: 154602

Tiempo tardado: 190.671s
############################################################
Problema ../data/Instancias QAP/sko100f.dat: 

Mejor individuo (Solucion) final:
93 97 77 26 47 76 61 44 18 32 31 74 66 25 33 84 73 11 41 81 30 3 35 43 17 20 52 38 58 57 71 46 63 29 90 82 13 39 9 64 54 69 21 92 83 59 0 19 24 49 80 45 5 8 98 23 94 86 51 4 85 87 70 37 67 34 78 50 48 53 72 14 75 65 55 6 7 42 22 99 89 15 60 88 68 40 36 2 12 27 62 95 16 56 1 28 10 91 79 96 

Coste de la solución: 151166

Tiempo tardado: 221.042s
############################################################
Problema ../data/Instancias QAP/sko81.dat: 

Mejor individuo (Solucion) final:
49 47 16 56 67 51 41 63 75 55 30 35 54 61 12 4 21 70 65 40 5 69 44 6 0 42 28 60 2 20 14 26 17 72 74 71 68 8 34 10 77 62 57 23 76 37 32 48 43 50 36 15 58 52 3 24 25 1 11 31 45 78 27 29 64 13 18 19 33 53 9 39 66 73 80 22 59 38 7 79 46 

Coste de la solución: 92156

Tiempo tardado: 68.4503s
############################################################
Problema ../data/Instancias QAP/sko90.dat: 

Mejor individuo (Solucion) final:
1 41 7 23 38 46 71 66 33 4 75 32 34 57 43 28 3 84 22 21 20 61 51 37 5 56 82 53 60 24 0 31 6 50 62 72 89 25 16 73 40 12 18 13 27 36 67 80 77 78 42 69 2 54 65 35 88 64 29 70 81 52 15 87 79 76 83 11 59 19 49 30 14 8 44 48 9 45 17 86 85 26 68 47 55 39 74 63 58 10 

Coste de la solución: 118148

Tiempo tardado: 92.0955s
############################################################
Problema ../data/Instancias QAP/tai100a.dat: 

Mejor individuo (Solucion) final:
80 58 43 54 35 55 45 21 5 59 26 78 53 46 48 67 72 27 23 20 91 17 99 18 0 47 40 15 49 36 25 79 61 34 71 96 85 64 83 1 50 7 68 11 95 8 69 44 75 39 10 93 74 14 90 56 81 98 37 32 6 51 42 29 41 24 16 62 97 52 30 19 86 3 65 76 92 22 28 12 4 33 73 84 77 66 89 88 63 82 31 57 87 60 94 9 2 70 13 38 

Coste de la solución: 21716688

Tiempo tardado: 114.995s
############################################################
Problema ../data/Instancias QAP/tai100b.dat: 

Mejor individuo (Solucion) final:
33 70 26 65 1 81 84 51 95 49 47 64 93 5 10 36 19 44 56 42 60 74 50 38 39 21 88 79 30 32 67 3 48 52 23 8 77 2 99 46 15 75 72 82 57 6 4 92 28 58 97 12 31 16 13 37 11 63 83 71 29 43 59 41 68 98 25 35 91 86 18 14 53 89 85 9 17 94 73 80 69 0 78 22 62 20 24 76 34 7 45 66 96 61 90 55 40 27 54 87 

Coste de la solución: 1206862374

Tiempo tardado: 218.592s
############################################################
Problema ../data/Instancias QAP/tai150b.dat: 

Mejor individuo (Solucion) final:
74 138 87 43 104 19 56 106 67 123 53 45 125 115 26 30 64 48 129 122 46 24 60 127 118 146 21 63 57 72 131 36 50 108 28 27 124 102 114 145 29 18 103 0 116 5 135 58 11 79 110 78 142 93 75 1 99 107 32 15 12 23 6 7 38 128 13 105 91 35 149 121 47 96 9 81 134 68 51 120 54 3 88 66 144 42 90 100 77 52 147 132 95 59 40 143 62 109 112 37 92 111 101 141 31 55 140 98 148 71 89 126 94 73 39 41 82 76 65 133 61 17 25 22 117 20 86 2 137 97 14 80 69 84 136 83 139 4 130 33 34 8 49 44 70 10 119 85 16 113 

Coste de la solución: 511887839

Tiempo tardado: 1321.04s
############################################################
Problema ../data/Instancias QAP/tai256c.dat: 

Mejor individuo (Solucion) final:
164 41 33 140 247 166 63 224 85 143 20 100 226 58 196 168 255 220 108 132 70 173 192 153 46 188 252 119 200 125 129 186 64 102 111 75 1 237 213 61 136 73 232 198 249 228 203 243 44 10 78 88 123 171 14 146 5 223 90 161 235 179 16 67 18 149 112 144 8 217 191 209 53 27 206 183 35 81 23 134 105 98 93 29 230 194 158 50 38 115 55 138 190 4 176 37 211 2 48 250 121 197 96 133 239 234 162 103 49 210 117 221 31 193 3 39 163 60 167 135 245 244 12 83 195 155 79 99 42 15 84 13 97 182 80 181 66 152 114 36 43 17 109 246 207 160 0 156 32 142 118 187 177 107 148 159 65 56 62 126 57 74 89 101 219 251 26 147 68 141 47 227 52 22 238 240 175 222 231 151 124 199 201 205 54 104 21 28 110 122 76 150 45 233 157 154 87 169 137 212 174 170 241 229 113 178 128 185 254 189 204 236 253 11 86 24 72 19 127 216 95 77 184 165 69 82 172 139 225 116 218 51 92 202 180 248 30 7 6 40 106 130 145 94 59 208 131 120 9 25 71 242 214 34 215 91 

Coste de la solución: 44892022

Tiempo tardado: 1404.43s
############################################################
Problema ../data/Instancias QAP/tho150.dat: 

Mejor individuo (Solucion) final:
72 136 25 81 61 14 80 74 114 49 32 22 76 5 26 97 59 67 108 58 10 115 29 51 139 107 143 92 141 17 8 95 36 106 63 130 100 99 110 149 75 43 12 78 64 111 127 21 47 122 46 133 89 65 55 138 131 60 3 126 68 50 35 119 132 66 0 88 9 83 113 52 45 24 44 19 70 48 34 38 145 57 15 140 54 144 56 86 2 11 146 33 147 31 94 41 102 62 134 87 137 39 91 42 16 85 98 23 7 125 77 128 27 79 18 93 73 120 82 84 20 104 117 116 90 109 121 13 142 129 4 40 112 118 37 101 123 71 1 30 135 69 124 103 96 53 28 6 148 105 

Coste de la solución: 8329188

Tiempo tardado: 833.057s
############################################################
Problema ../data/Instancias QAP/tho40.dat: 

Mejor individuo (Solucion) final:
38 8 11 13 1 39 24 35 30 19 10 28 9 7 16 2 6 0 5 14 20 29 23 33 37 3 34 32 27 15 31 25 17 21 4 36 12 26 22 18 

Coste de la solución: 249976

Tiempo tardado: 3.5708s
############################################################
Problema ../data/Instancias QAP/wil100.dat: 

Mejor individuo (Solucion) final:
91 65 24 7 39 59 6 83 77 49 93 19 81 64 46 10 57 85 13 56 88 35 11 90 18 96 92 41 94 45 5 17 69 37 68 4 25 36 42 73 16 52 98 58 95 40 53 67 21 61 86 48 15 60 70 89 78 75 55 99 47 84 1 66 2 74 44 97 79 0 20 29 50 43 80 26 12 72 33 9 54 28 71 51 82 22 76 38 27 8 32 63 23 34 87 3 30 31 62 14 

Coste de la solución: 274592

Tiempo tardado: 232.543s
############################################################
Problema ../data/Instancias QAP/wil50.dat: 

Mejor individuo (Solucion) final:
19 14 8 12 6 10 49 17 24 25 18 23 46 39 30 40 31 41 20 13 33 7 1 22 42 48 15 9 28 47 26 11 37 5 38 29 43 27 34 21 32 16 36 2 35 44 3 4 45 0 

Coste de la solución: 49612

Tiempo tardado: 7.684s
