VALOR SEMILLA = 5
############################################################
Problema ../data/Instancias QAP/chr22a.dat: 

Mejor individuo (Solucion) final:
5 0 4 7 18 1 10 17 13 19 8 14 20 6 2 3 12 21 15 16 9 11 

Coste de la solución: 6610

Tiempo tardado: 0.0916651s
############################################################
Problema ../data/Instancias QAP/chr22b.dat: 

Mejor individuo (Solucion) final:
13 4 10 16 21 6 20 15 1 12 19 14 0 5 2 7 11 17 18 9 3 8 

Coste de la solución: 7222

Tiempo tardado: 0.0862123s
############################################################
Problema ../data/Instancias QAP/chr25a.dat: 

Mejor individuo (Solucion) final:
3 5 16 9 11 12 0 23 18 8 13 2 20 14 10 24 19 1 6 15 21 7 17 22 4 

Coste de la solución: 6148

Tiempo tardado: 0.113719s
############################################################
Problema ../data/Instancias QAP/esc128.dat: 

Mejor individuo (Solucion) final:
74 102 52 73 23 109 32 66 65 113 37 85 110 107 33 111 0 103 90 116 104 46 13 117 83 1 19 21 17 64 29 69 24 40 25 27 75 67 87 42 84 10 26 121 95 70 114 123 81 4 122 9 58 112 120 8 91 36 93 125 97 14 43 15 41 47 7 99 62 118 55 2 63 68 61 89 59 16 127 31 38 92 77 30 35 51 54 18 34 49 88 94 28 50 5 11 39 20 98 60 119 53 57 76 126 12 78 96 82 124 6 45 22 44 100 79 48 71 115 105 56 108 86 80 106 72 3 101 

Coste de la solución: 70

Tiempo tardado: 13.493s
############################################################
Problema ../data/Instancias QAP/had20.dat: 

Mejor individuo (Solucion) final:
2 1 13 4 11 9 18 0 12 10 17 15 16 3 6 19 14 7 5 8 

Coste de la solución: 7066

Tiempo tardado: 0.0662209s
############################################################
Problema ../data/Instancias QAP/lipa60b.dat: 

Mejor individuo (Solucion) final:
42 31 29 32 36 1 5 54 6 47 55 37 8 4 0 56 49 43 35 51 27 14 12 26 2 53 52 48 44 17 38 39 11 30 58 10 18 59 13 40 23 57 25 19 28 9 34 3 15 41 21 24 45 46 50 22 20 7 33 16 

Coste de la solución: 3021436

Tiempo tardado: 1.79429s
############################################################
Problema ../data/Instancias QAP/lipa80b.dat: 

Mejor individuo (Solucion) final:
41 58 27 65 20 50 46 47 64 35 2 18 16 72 42 75 49 77 69 45 17 24 4 39 38 23 66 63 51 21 5 15 25 33 30 8 36 55 71 43 48 22 70 52 3 28 26 53 9 54 19 59 11 57 67 34 44 32 61 79 14 56 74 29 1 78 37 68 0 60 7 73 31 40 10 6 62 12 76 13 

Coste de la solución: 9430862

Tiempo tardado: 5.19223s
############################################################
Problema ../data/Instancias QAP/nug28.dat: 

Mejor individuo (Solucion) final:
23 1 4 20 0 8 17 18 11 10 16 15 3 6 27 19 21 2 25 13 5 9 14 22 24 7 12 26 

Coste de la solución: 5304

Tiempo tardado: 0.181741s
############################################################
Problema ../data/Instancias QAP/sko100a.dat: 

Mejor individuo (Solucion) final:
40 16 35 86 14 27 48 5 90 17 75 6 69 19 63 83 1 76 78 36 52 91 71 68 50 56 81 13 42 64 28 47 37 99 45 58 33 80 89 57 22 11 65 25 46 29 95 62 24 87 41 60 55 97 21 30 3 73 94 96 49 92 7 39 72 88 74 31 32 70 44 20 66 67 18 84 93 10 59 0 9 23 98 85 51 8 53 15 12 82 2 34 43 61 26 79 54 4 38 77 

Coste de la solución: 153890

Tiempo tardado: 21.8334s
############################################################
Problema ../data/Instancias QAP/sko100f.dat: 

Mejor individuo (Solucion) final:
32 71 41 95 18 40 63 26 89 30 62 74 97 19 54 69 21 72 16 77 80 58 85 0 39 45 36 14 91 31 11 9 87 7 10 23 46 47 3 61 2 73 48 44 13 90 33 75 15 66 12 86 88 17 8 25 43 70 60 52 96 51 94 50 82 29 92 67 98 20 22 1 42 53 34 83 55 59 6 76 27 4 78 49 24 37 5 28 68 93 79 81 38 64 57 99 65 35 84 56 

Coste de la solución: 152094

Tiempo tardado: 21.6423s
############################################################
Problema ../data/Instancias QAP/sko81.dat: 

Mejor individuo (Solucion) final:
75 59 22 15 19 53 64 33 66 3 32 68 36 17 50 78 25 29 63 37 12 62 26 57 11 45 24 56 40 61 67 41 74 21 71 28 76 23 51 43 77 44 34 31 60 38 48 14 20 5 72 69 27 80 9 6 16 42 35 0 54 10 7 39 52 18 58 13 4 70 1 79 46 47 49 55 30 2 65 8 73 

Coste de la solución: 93728

Tiempo tardado: 9.01302s
############################################################
Problema ../data/Instancias QAP/sko90.dat: 

Mejor individuo (Solucion) final:
21 68 10 76 44 11 19 17 86 66 55 59 48 79 89 67 27 45 72 25 35 69 37 18 2 71 64 38 84 53 8 75 14 15 88 13 56 32 34 82 22 70 40 6 50 36 65 5 46 73 58 29 74 87 9 83 31 61 3 78 47 26 54 51 12 77 43 62 80 16 49 33 20 42 0 57 39 28 24 60 85 30 7 23 52 63 81 41 1 4 

Coste de la solución: 118484

Tiempo tardado: 12.5907s
############################################################
Problema ../data/Instancias QAP/tai100a.dat: 

Mejor individuo (Solucion) final:
81 92 5 37 75 39 13 68 98 14 3 57 33 26 28 67 6 66 59 97 44 65 9 88 64 46 48 53 99 17 62 8 50 61 7 86 78 11 63 79 47 51 82 60 36 89 41 54 12 94 24 76 2 27 70 96 49 22 10 32 90 72 4 56 55 18 91 31 83 42 34 38 58 45 19 16 15 21 20 25 87 0 80 73 29 84 93 30 40 74 43 85 1 95 23 52 35 77 71 69 

Coste de la solución: 21825176

Tiempo tardado: 11.4065s
############################################################
Problema ../data/Instancias QAP/tai100b.dat: 

Mejor individuo (Solucion) final:
91 49 25 81 80 69 64 65 44 92 12 84 33 63 7 0 62 93 43 29 90 36 82 19 75 18 88 79 30 32 67 10 52 48 38 85 73 13 17 4 23 71 9 57 60 72 99 20 14 76 50 28 97 5 89 86 53 27 40 98 59 1 68 42 46 6 87 74 77 56 78 2 8 94 83 11 95 37 35 26 47 51 24 54 34 41 22 15 61 66 45 58 96 3 55 21 31 16 39 70 

Coste de la solución: 1255162799

Tiempo tardado: 23.9644s
############################################################
Problema ../data/Instancias QAP/tai150b.dat: 

Mejor individuo (Solucion) final:
98 24 139 19 49 35 56 70 136 95 96 37 86 121 16 130 10 8 107 23 41 73 135 9 141 82 78 94 101 100 2 69 55 71 14 148 45 132 58 25 11 113 32 103 12 83 111 5 120 20 91 1 0 34 117 137 15 40 138 4 99 60 59 102 125 122 92 79 26 18 54 50 76 57 109 29 44 116 43 62 97 80 87 84 47 110 13 106 6 128 119 105 85 52 142 17 88 38 149 93 61 33 90 22 42 48 81 126 66 144 147 134 77 104 3 74 65 51 30 114 68 112 131 145 72 143 127 27 75 63 118 123 124 129 108 64 31 28 115 21 7 53 133 146 89 67 36 46 140 39 

Coste de la solución: 506735642

Tiempo tardado: 122.246s
############################################################
Problema ../data/Instancias QAP/tai256c.dat: 

Mejor individuo (Solucion) final:
167 152 182 192 203 141 10 235 2 109 186 237 42 226 124 172 169 85 222 191 15 220 112 243 118 164 72 5 111 129 63 23 61 116 76 17 249 103 46 67 201 229 160 29 240 133 246 189 197 239 218 49 12 97 214 126 20 57 174 40 254 70 37 212 177 209 8 137 131 91 194 27 232 106 55 32 89 159 179 150 78 120 146 199 59 52 154 80 99 139 82 35 231 170 145 136 149 18 22 134 66 138 54 60 161 73 147 65 216 26 98 87 113 1 135 25 64 184 221 211 180 28 204 210 195 230 181 102 90 162 31 77 142 228 171 224 157 205 84 107 53 71 236 115 219 127 207 185 48 241 88 19 110 14 198 255 21 33 79 95 100 238 36 39 165 200 45 3 93 156 104 68 114 208 130 144 69 190 202 242 117 250 0 223 58 175 225 193 4 13 16 163 244 233 74 30 213 128 38 47 119 158 247 206 153 227 75 7 81 50 143 24 105 101 252 86 123 183 248 41 132 253 155 94 125 151 251 34 11 178 44 56 196 62 6 187 217 51 245 168 96 148 234 92 122 83 215 43 176 166 188 121 173 9 140 108 

Coste de la solución: 44920760

Tiempo tardado: 183.171s
############################################################
Problema ../data/Instancias QAP/tho150.dat: 

Mejor individuo (Solucion) final:
101 97 8 49 13 143 80 76 4 44 26 11 17 141 6 14 32 115 114 43 108 77 10 73 51 112 12 127 19 5 61 136 24 45 130 100 134 58 138 3 78 63 86 146 72 23 66 81 69 107 75 102 7 94 56 2 88 34 67 95 25 90 29 128 65 38 27 54 139 122 15 144 106 92 52 50 22 21 110 126 149 145 47 60 133 131 89 0 117 40 46 30 83 31 62 125 79 113 68 99 129 55 121 120 82 98 85 36 140 137 132 41 39 18 42 64 116 119 91 37 20 74 71 96 93 53 57 87 48 142 135 9 103 1 28 84 111 35 109 104 59 147 70 118 16 124 105 123 33 148 

Coste de la solución: 8339848

Tiempo tardado: 118.727s
############################################################
Problema ../data/Instancias QAP/tho40.dat: 

Mejor individuo (Solucion) final:
35 39 25 18 1 23 13 6 8 3 29 22 27 20 0 17 7 11 31 36 15 32 9 38 24 37 26 12 21 5 10 19 2 33 34 4 28 14 16 30 

Coste de la solución: 252340

Tiempo tardado: 0.525661s
############################################################
Problema ../data/Instancias QAP/wil100.dat: 

Mejor individuo (Solucion) final:
0 83 45 13 65 77 28 71 24 33 14 99 54 53 9 97 80 42 73 8 86 94 15 17 98 43 44 12 67 29 88 61 69 92 58 25 36 18 96 84 87 11 40 79 22 37 1 72 41 59 16 81 82 21 46 89 68 70 34 20 31 75 90 95 23 60 26 38 74 3 93 39 5 19 10 4 85 78 57 66 63 7 50 55 52 64 2 35 76 47 91 56 62 48 27 30 51 6 32 49 

Coste de la solución: 277082

Tiempo tardado: 21.6127s
############################################################
Problema ../data/Instancias QAP/wil50.dat: 

Mejor individuo (Solucion) final:
25 26 12 39 43 32 4 34 13 21 6 7 1 28 46 48 15 5 9 41 17 42 44 49 38 3 35 36 27 20 24 10 22 31 2 40 37 30 29 47 19 11 8 14 23 18 33 16 0 45 

Coste de la solución: 49538

Tiempo tardado: 1.63927s
