VALOR SEMILLA = 4

###########################################################################
Problema ./data/Instancias QAP/chr22a.dat:

Mejor individuo (Solucion) final:
5 3 7 18 4 2 13 20 14 17 15 9 16 10 0 11 8 19 6 21 1 12

Coste de la solución: 7556

Tiempo tardado: 26.0002s
###########################################################################
Problema ./data/Instancias QAP/chr22b.dat:

Mejor individuo (Solucion) final:
2 1 19 14 15 7 21 16 5 10 4 0 12 8 18 6 20 3 17 9 13 11

Coste de la solución: 6898

Tiempo tardado: 25.5654s
###########################################################################
Problema ./data/Instancias QAP/chr25a.dat:

Mejor individuo (Solucion) final:
3 11 6 5 13 24 10 0 12 23 8 22 21 16 20 14 7 9 1 19 4 17 18 15 2

Coste de la solución: 6696

Tiempo tardado: 29.1294s
###########################################################################
Problema ./data/Instancias QAP/esc128.dat:

Mejor individuo (Solucion) final:
76 42 84 97 93 1 99 72 101 52 32 43 62 22 55 20 60 41 4 0 98 2 44 89 118 23 108 85 28 83 19 50 18 33 27 26 54 126 127 17 57 16 24 92 112 29 78 45 75 34 47 3 14 12 100 6 74 35 30 37 114 106 13 110 73 90 38 8 121 116 120 69 122 107 123 25 58 119 56 88 11 53 67 31 36 109 77 79 104 65 87 103 86 15 82 5 21 124 51 94 95 96 59 105 7 71 81 113 115 80 117 111 125 39 102 48 64 40 9 63 10 91 46 66 61 70 49 68

Coste de la solución: 84

Tiempo tardado: 252.699s
###########################################################################
Problema ./data/Instancias QAP/had20.dat:

Mejor individuo (Solucion) final:
2 4 9 11 10 5 6 17 1 13 18 15 14 3 7 0 19 12 16 8

Coste de la solución: 6954

Tiempo tardado: 23.9191s
###########################################################################
Problema ./data/Instancias QAP/lipa60b.dat:

Mejor individuo (Solucion) final:
17 58 22 8 33 0 29 39 52 18 3 47 10 6 23 59 2 1 41 30 28 53 24 13 15 43 56 20 14 42 50 35 38 25 7 46 11 57 54 9 32 19 31 45 44 5 51 55 21 48 40 49 34 12 4 26 27 16 36 37

Coste de la solución: 3053579

Tiempo tardado: 109.793s
###########################################################################
Problema ./data/Instancias QAP/lipa80b.dat:

Mejor individuo (Solucion) final:
24 21 41 72 13 8 59 2 33 73 40 62 14 44 31 35 36 29 26 16 55 11 18 43 22 20 39 52 12 64 46 71 56 65 68 3 19 70 51 7 5 17 10 30 75 54 15 38 63 48 78 76 53 25 77 6 0 69 74 4 9 49 50 61 37 79 67 60 28 32 34 45 42 57 1 47 23 58 27 66

Coste de la solución: 9532415

Tiempo tardado: 140.396s
###########################################################################
Problema ./data/Instancias QAP/nug28.dat:

Mejor individuo (Solucion) final:
8 22 25 26 21 16 3 12 10 9 18 1 2 27 14 11 7 24 5 20 6 17 23 0 4 15 19 13

Coste de la solución: 5322

Tiempo tardado: 32.8204s
###########################################################################
Problema ./data/Instancias QAP/sko100a.dat:

Mejor individuo (Solucion) final:
96 17 26 43 92 1 11 16 52 75 77 90 23 79 13 61 35 34 2 19 48 20 4 3 8 81 25 91 6 87 84 53 93 80 98 45 55 22 47 69 54 88 42 51 56 29 95 41 28 49 10 15 24 62 66 83 85 37 99 44 27 70 30 74 18 31 78 97 60 40 38 12 32 82 73 21 58 50 46 89 0 59 9 63 76 14 39 68 71 57 64 5 94 72 33 36 67 86 7 65

Coste de la solución: 157714

Tiempo tardado: 180.33s

###########################################################################
Problema ./data/Instancias QAP/sko100f.dat:

Mejor individuo (Solucion) final:
20 95 27 50 81 64 53 99 56 24 89 91 19 44 25 88 49 76 59 57 85 12 72 22 82 54 42 94 78 79 31 98 8 39 83 37 13 48 34 23 30 14 3 67 29 55 45 46 65 84 32 80 43 61 87 38 11 36 40 9 62 60 58 2 86 10 73 4 7 41 96 75 90 70 74 69 92 28 51 18 71 16 35 52 63 26 5 33 68 47 93 15 21 66 17 77 0 6 1 97

Coste de la solución: 155730

Tiempo tardado: 183.81s
###########################################################################
Problema ./data/Instancias QAP/sko81.dat:

Mejor individuo (Solucion) final:
52 41 51 77 5 10 8 71 64 4 49 0 44 43 47 16 7 65 56 34 61 30 35 69 13 18 73 40 17 6 55 20 80 14 38 60 42 12 67 72 48 31 32 22 2 66 53 57 37 26 3 36 9 68 21 74 23 58 50 25 33 62 29 78 63 15 19 27 1 45 59 24 75 76 70 54 28 79 11 39 46

Coste de la solución: 94244

Tiempo tardado: 140.864s
###########################################################################
Problema ./data/Instancias QAP/sko90.dat:

Mejor individuo (Solucion) final:
4 66 17 45 46 21 29 71 22 33 30 38 34 5 54 36 11 19 70 49 41 44 84 55 82 64 35 67 79 86 32 72 88 59 27 61 13 8 73 10 9 80 89 53 50 69 14 77 62 20 23 31 25 65 6 0 12 56 40 42 63 28 3 58 83 2 68 16 37 7 1 85 39 43 87 51 18 60 78 24 81 52 26 47 74 15 75 48 76 57

Coste de la solución: 119668

Tiempo tardado: 156.716s
###########################################################################
Problema ./data/Instancias QAP/tai100a.dat:

Mejor individuo (Solucion) final:
83 13 99 1 58 17 67 30 23 45 7 37 51 78 62 29 10 81 6 65 46 33 42 80 61 85 32 69 72 77 63 2 43 31 14 92 3 93 52 25 56 86 76 91 15 73 4 12 68 0 21 59 11 84 41 19 22 87 35 79 50 64 36 54 16 89 53 28 60 82 27 9 55 26 70 90 94 40 5 49 66 74 44 8 39 71 47 34 96 57 95 20 48 88 97 24 98 38 75 18

Coste de la solución: 22355996

Tiempo tardado: 180.288s
###########################################################################
Problema ./data/Instancias QAP/tai100b.dat:

Mejor individuo (Solucion) final:
37 93 80 64 88 91 65 49 33 26 47 44 84 98 25 94 0 81 68 85 29 28 87 2 60 92 36 95 51 67 79 8 52 42 99 40 6 30 4 5 27 69 72 12 76 56 77 10 74 48 23 19 45 16 43 35 31 55 83 24 38 34 57 7 75 62 59 41 1 18 78 46 14 20 89 63 13 86 9 73 17 70 82 66 21 22 90 97 61 54 11 58 50 39 15 96 3 71 53 32

Coste de la solución: 1272678783

Tiempo tardado: 180.035s
###########################################################################
Problema ./data/Instancias QAP/tai150b.dat:

Mejor individuo (Solucion) final:
33 70 146 121 139 56 8 46 59 89 53 99 84 4 15 54 16 132 48 47 57 105 38 115 135 7 147 11 25 66 96 21 24 5 112 58 0 19 110 143 92 49 122 63 95 111 138 94 88 128 79 52 119 97 22 136 60 69 133 126 42 87 51 145 148 55 43 114 81 41 28 140 117 50 67 62 44 102 14 124 80 3 113 76 32 68 85 82 108 98 83 10 37 26 74 118 125 64 27 17 34 130 120 75 2 106 29 86 107 134 100 101 109 65 30 78 18 104 9 137 77 127 129 131 149 40 144 6 90 23 116 73 93 12 141 45 1 142 103 36 72 39 71 91 123 20 13 35 31 61

Coste de la solución: 538083760

Tiempo tardado: 314.34s
###########################################################################
Problema ./data/Instancias QAP/tai256c.dat:

Mejor individuo (Solucion) final:
74 81 85 61 83 142 60 223 213 134 127 53 104 248 242 229 97 157 210 9 4 139 18 92 11 221 224 35 68 23 152 202 146 50 124 137 236 211 29 189 78 253 215 178 110 21 148 100 246 71 86 48 106 43 119 233 31 199 95 42 38 163 109 159 190 181 171 165 167 185 196 154 219 161 238 64 129 72 132 187 14 250 33 57 117 46 40 193 0 227 114 176 56 231 184 51 99 73 103 173 205 204 52 162 125 160 32 65 107 24 249 174 151 34 138 209 87 251 54 20 164 136 237 192 195 17 44 240 30 25 241 22 186 96 89 177 206 112 120 200 105 45 244 3 143 147 63 37 55 49 7 252 203 79 82 88 115 80 153 8 59 217 166 123 62 27 101 77 230 247 47 155 102 28 6 15 113 98 156 225 170 116 41 90 188 234 214 76 218 144 194 121 255 126 198 91 228 158 243 191 39 75 179 122 245 222 135 212 36 111 118 235 1 66 254 70 183 130 169 84 180 207 172 197 150 175 13 140 16 232 58 226 2 141 239 108 149 12 145 5 131 128 216 93 10 19 168 220 67 208 26 69 133 94 201 182

Coste de la solución: 45937308

Tiempo tardado: 788.347s
###########################################################################
Problema ./data/Instancias QAP/tho150.dat:

Mejor individuo (Solucion) final:
14 61 80 81 95 128 76 26 91 46 22 40 136 98 6 106 1 5 37 58 138 146 10 50 78 0 73 17 84 64 127 8 119 70 92 125 85 18 42 43 93 41 59 111 51 21 68 71 48 47 24 94 140 102 137 134 12 75 49 25 13 36 116 56 52 19 57 54 87 62 16 142 90 114 74 117 122 108 115 120 143 113 31 39 45 133 29 139 88 107 132 63 34 38 126 23 130 149 60 131 27 129 33 99 66 44 20 67 86 141 121 65 35 145 4 89 103 83 32 55 97 30 105 3 112 7 77 79 11 28 96 124 53 69 9 72 148 123 118 100 104 144 2 135 110 147 109 82 15 101

Coste de la solución: 8623258

Tiempo tardado: 314.139s
###########################################################################
Problema ./data/Instancias QAP/tho40.dat:

Mejor individuo (Solucion) final:
2 33 16 9 14 19 28 30 6 11 10 5 15 0 34 4 35 23 29 32 38 17 21 25 7 8 3 13 27 20 12 26 24 39 18 1 22 36 31 37

Coste de la solución: 252528

Tiempo tardado: 55.2939s
###########################################################################
Problema ./data/Instancias QAP/wil100.dat:

Mejor individuo (Solucion) final:
61 29 28 27 80 64 9 45 98 24 63 76 68 70 23 84 97 54 69 35 91 41 36 22 12 25 95 8 42 86 87 38 82 90 26 94 55 19 52 67 31 75 11 89 74 60 79 77 50 47 81 40 3 72 4 78 21 93 1 65 34 20 59 51 43 7 37 58 5 17 39 99 44 57 46 53 48 2 96 33 14 16 15 10 73 18 92 85 71 83 32 6 56 30 62 66 13 0 49 88

Coste de la solución: 279452

Tiempo tardado: 180.233s
###########################################################################
Problema ./data/Instancias QAP/wil50.dat:

Mejor individuo (Solucion) final:
17 6 49 38 10 19 11 24 25 26 22 35 7 27 16 42 44 28 3 47 14 1 36 5 2 40 23 34 4 45 8 48 12 20 29 30 31 9 43 21 33 18 46 41 15 37 32 39 13 0

Coste de la solución: 49736

Tiempo tardado: 81.1367s
###########################################################################
